+----+----------------+------------------+------------------+---------------+--------------+------------+------------+-------------+-----------------+--------------------+--------------------+-------------+----------------------+-----------+------------------+----------------+--------------+-----------------------+--------------+----------------+------------------+
|    |   weight_decay | stride_pool      | stride_conv      |   patience_lr |   output_dim | nesterov   |   momentum |   max_epoch |   learning_rate | kernel_size_pool   | kernel_size_conv   |   input_dim |   hidden_layers_size | filters   | early_stopping   |   dropout_rate |   batch_size | batch_normalization   | activation   |   val_accuracy |   train_accuracy |
|----+----------------+------------------+------------------+---------------+--------------+------------+------------+-------------+-----------------+--------------------+--------------------+-------------+----------------------+-----------+------------------+----------------+--------------+-----------------------+--------------+----------------+------------------|
|  0 |          0.001 | [(1, 3), (1, 3)] | [(1, 1), (1, 1)] |             5 |           13 | True       |       0.85 |         100 |           0.001 | [(4, 3), (1, 3)]   | [(57, 6), (1, 3)]  |           2 |                 5000 | [80, 80]  | False            |            0.5 |          256 | False                 | relu         |        32.2917 |          34.1577 |
|  1 |          0.002 | [(1, 3), (1, 3)] | [(1, 1), (1, 1)] |            15 |           13 | True       |       0.85 |         100 |           0.001 | [(4, 3), (1, 3)]   | [(57, 6), (1, 3)]  |           2 |                 5000 | [80, 80]  | False            |            0.5 |          256 | False                 | relu         |        71.875  |          71.4404 |
|  2 |          0.001 | [(1, 3), (1, 3)] | [(1, 1), (1, 1)] |            15 |           13 | True       |       0.9  |         100 |           0.001 | [(4, 3), (1, 3)]   | [(57, 6), (1, 3)]  |           2 |                 5000 | [80, 80]  | False            |            0.5 |          256 | False                 | relu         |        74.0885 |          77.5011 |
|  3 |          0.001 | [(1, 3), (1, 3)] | [(1, 1), (1, 1)] |            10 |           13 | True       |       0.85 |         100 |           0.005 | [(4, 3), (1, 3)]   | [(57, 6), (1, 3)]  |           2 |                 5000 | [80, 80]  | False            |            0.5 |          256 | False                 | relu         |        85.2865 |          96.7959 |
|  4 |          0.001 | [(1, 3), (1, 3)] | [(1, 1), (1, 1)] |            10 |           13 | True       |       0.95 |         100 |           0.005 | [(4, 3), (1, 3)]   | [(57, 6), (1, 3)]  |           2 |                 1000 | [80, 80]  | False            |            0.5 |          256 | False                 | relu         |        86.0677 |          98.7886 |
|  5 |          0.002 | [(1, 3), (1, 3)] | [(1, 1), (1, 1)] |             5 |           13 | True       |       0.95 |         100 |           0.001 | [(4, 3), (1, 3)]   | [(57, 6), (1, 3)]  |           2 |                 5000 | [80, 80]  | False            |            0.5 |          128 | False                 | relu         |        86.875  |          97.3717 |
|  6 |          0.002 | [(1, 3), (1, 3)] | [(1, 1), (1, 1)] |            15 |           13 | True       |       0.9  |         100 |           0.005 | [(4, 3), (1, 3)]   | [(57, 6), (1, 3)]  |           2 |                 5000 | [80, 80]  | False            |            0.5 |          256 | False                 | relu         |        86.9792 |          99.2188 |
|  7 |          0.002 | [(1, 3), (1, 3)] | [(1, 1), (1, 1)] |            10 |           13 | True       |       0.95 |         100 |           0.005 | [(4, 3), (1, 3)]   | [(57, 6), (1, 3)]  |           2 |                 5000 | [80, 80]  | False            |            0.5 |          128 | False                 | relu         |        87.8125 |          99.3862 |
|  8 |          0.002 | [(1, 3), (1, 3)] | [(1, 1), (1, 1)] |             5 |           13 | True       |       0.9  |         100 |           0.005 | [(4, 3), (1, 3)]   | [(57, 6), (1, 3)]  |           2 |                 5000 | [80, 80]  | False            |            0.5 |          128 | False                 | relu         |        87.9688 |          99.6094 |
|  9 |          0.001 | [(1, 3), (1, 3)] | [(1, 1), (1, 1)] |             5 |           13 | True       |       0.9  |         100 |           0.005 | [(4, 3), (1, 3)]   | [(57, 6), (1, 3)]  |           2 |                 1000 | [80, 80]  | False            |            0.5 |          128 | False                 | relu         |        88.125  |          98.873  |
| 10 |          0.002 | [(1, 3), (1, 3)] | [(1, 1), (1, 1)] |             5 |           13 | True       |       0.85 |         100 |           0.005 | [(4, 3), (1, 3)]   | [(57, 6), (1, 3)]  |           2 |                 5000 | [80, 80]  | False            |            0.5 |          128 | False                 | relu         |        88.5938 |          99.4365 |
| 11 |          0.002 | [(1, 3), (1, 3)] | [(1, 1), (1, 1)] |             5 |           13 | True       |       0.95 |         100 |           0.005 | [(4, 3), (1, 3)]   | [(57, 6), (1, 3)]  |           2 |                 5000 | [80, 80]  | False            |            0.5 |           64 | False                 | relu         |        88.7153 |          99.8814 |
| 12 |          0.001 | [(1, 3), (1, 3)] | [(1, 1), (1, 1)] |            10 |           13 | True       |       0.85 |         100 |           0.005 | [(4, 3), (1, 3)]   | [(57, 6), (1, 3)]  |           2 |                 5000 | [80, 80]  | False            |            0.5 |           64 | False                 | relu         |        90.1042 |          99.6499 |
+----+----------------+------------------+------------------+---------------+--------------+------------+------------+-------------+-----------------+--------------------+--------------------+-------------+----------------------+-----------+------------------+----------------+--------------+-----------------------+--------------+----------------+------------------+
